(
    freq,
    Jxx_0f,
    Phxx_0f,
    Jxy_0f,
    Phxy_0f,
    Jyx_0f,
    Phyx_0f,
    Jyy_0f,
    Phyy_0f,
    Jxx_2f,
    Phxx_2f,
    Jxy_2f,
    Phxy_2f,
    Jyx_2f,
    Phyx_2f,
    Jyy_2f,
    Phyy_2f,
)
(
    100.4926471,
    1.00e00,
    0.00e00,
    0.00e00,
    0.00e00,
    0.00e00,
    0.00e00,
    -1.00e00,
    0.00e00,
    0.00e00,
    0.00e00,
    0.00e00,
    0.00e00,
    0.00e00,
    0.00e00,
    0.00e00,
    0.00e00,
)
(
    101.0735294,
    1.00e00,
    0.00e00,
    0.00e00,
    0.00e00,
    0.00e00,
    0.00e00,
    -1.00e00,
    0.00e00,
    0.00e00,
    0.00e00,
    0.00e00,
    0.00e00,
    0.00e00,
    0.00e00,
    0.00e00,
    0.00e00,
)
(
    101.6544118,
    1.00e00,
    0.00e00,
    0.00e00,
    0.00e00,
    0.00e00,
    0.00e00,
    -1.00e00,
    0.00e00,
    0.00e00,
    0.00e00,
    0.00e00,
    0.00e00,
    0.00e00,
    0.00e00,
    0.00e00,
    0.00e00,
)
(
    102.2352941,
    1.00e00,
    0.00e00,
    0.00e00,
    0.00e00,
    0.00e00,
    0.00e00,
    -1.00e00,
    0.00e00,
    0.00e00,
    0.00e00,
    0.00e00,
    0.00e00,
    0.00e00,
    0.00e00,
    0.00e00,
    0.00e00,
)
(
    102.8161765,
    1.00e00,
    0.00e00,
    0.00e00,
    0.00e00,
    0.00e00,
    0.00e00,
    -1.00e00,
    0.00e00,
    0.00e00,
    0.00e00,
    0.00e00,
    0.00e00,
    0.00e00,
    0.00e00,
    0.00e00,
    0.00e00,
)
(
    103.3970588,
    1.00e00,
    0.00e00,
    0.00e00,
    0.00e00,
    0.00e00,
    0.00e00,
    -1.00e00,
    0.00e00,
    0.00e00,
    0.00e00,
    0.00e00,
    0.00e00,
    0.00e00,
    0.00e00,
    0.00e00,
    0.00e00,
)
(
    103.9779412,
    1.00e00,
    0.00e00,
    0.00e00,
    0.00e00,
    0.00e00,
    0.00e00,
    -1.00e00,
    0.00e00,
    0.00e00,
    0.00e00,
    0.00e00,
    0.00e00,
    0.00e00,
    0.00e00,
    0.00e00,
    0.00e00,
)
(
    104.5588235,
    1.00e00,
    0.00e00,
    0.00e00,
    0.00e00,
    0.00e00,
    0.00e00,
    -1.00e00,
    0.00e00,
    0.00e00,
    0.00e00,
    0.00e00,
    0.00e00,
    0.00e00,
    0.00e00,
    0.00e00,
    0.00e00,
)
(
    105.1397059,
    1.00e00,
    0.00e00,
    0.00e00,
    0.00e00,
    0.00e00,
    0.00e00,
    -1.00e00,
    0.00e00,
    0.00e00,
    0.00e00,
    0.00e00,
    0.00e00,
    0.00e00,
    0.00e00,
    0.00e00,
    0.00e00,
)
(
    105.7205882,
    1.00e00,
    0.00e00,
    0.00e00,
    0.00e00,
    0.00e00,
    0.00e00,
    -1.00e00,
    0.00e00,
    0.00e00,
    0.00e00,
    0.00e00,
    0.00e00,
    0.00e00,
    0.00e00,
    0.00e00,
    0.00e00,
)
(
    106.3014706,
    1.00e00,
    0.00e00,
    0.00e00,
    0.00e00,
    0.00e00,
    0.00e00,
    -1.00e00,
    0.00e00,
    0.00e00,
    0.00e00,
    0.00e00,
    0.00e00,
    0.00e00,
    0.00e00,
    0.00e00,
    0.00e00,
)
(
    106.8823529,
    1.00e00,
    0.00e00,
    0.00e00,
    0.00e00,
    0.00e00,
    0.00e00,
    -1.00e00,
    0.00e00,
    0.00e00,
    0.00e00,
    0.00e00,
    0.00e00,
    0.00e00,
    0.00e00,
    0.00e00,
    0.00e00,
)
(
    107.4632353,
    1.00e00,
    0.00e00,
    0.00e00,
    0.00e00,
    0.00e00,
    0.00e00,
    -1.00e00,
    0.00e00,
    0.00e00,
    0.00e00,
    0.00e00,
    0.00e00,
    0.00e00,
    0.00e00,
    0.00e00,
    0.00e00,
)
(
    108.0441176,
    1.00e00,
    0.00e00,
    0.00e00,
    0.00e00,
    0.00e00,
    0.00e00,
    -1.00e00,
    0.00e00,
    0.00e00,
    0.00e00,
    0.00e00,
    0.00e00,
    0.00e00,
    0.00e00,
    0.00e00,
    0.00e00,
)
(
    108.625,
    1.00e00,
    0.00e00,
    0.00e00,
    0.00e00,
    0.00e00,
    0.00e00,
    -1.00e00,
    0.00e00,
    0.00e00,
    0.00e00,
    0.00e00,
    0.00e00,
    0.00e00,
    0.00e00,
    0.00e00,
    0.00e00,
)
(
    109.2058824,
    1.00e00,
    0.00e00,
    0.00e00,
    0.00e00,
    0.00e00,
    0.00e00,
    -1.00e00,
    0.00e00,
    0.00e00,
    0.00e00,
    0.00e00,
    0.00e00,
    0.00e00,
    0.00e00,
    0.00e00,
    0.00e00,
)
(
    109.7867647,
    1.00e00,
    0.00e00,
    0.00e00,
    0.00e00,
    0.00e00,
    0.00e00,
    -1.00e00,
    0.00e00,
    0.00e00,
    0.00e00,
    0.00e00,
    0.00e00,
    0.00e00,
    0.00e00,
    0.00e00,
    0.00e00,
)
(
    110.3676471,
    1.00e00,
    0.00e00,
    0.00e00,
    0.00e00,
    0.00e00,
    0.00e00,
    -1.00e00,
    0.00e00,
    0.00e00,
    0.00e00,
    0.00e00,
    0.00e00,
    0.00e00,
    0.00e00,
    0.00e00,
    0.00e00,
)
(
    110.9485294,
    1.00e00,
    0.00e00,
    0.00e00,
    0.00e00,
    0.00e00,
    0.00e00,
    -1.00e00,
    0.00e00,
    0.00e00,
    0.00e00,
    0.00e00,
    0.00e00,
    0.00e00,
    0.00e00,
    0.00e00,
    0.00e00,
)
(
    111.5294118,
    1.00e00,
    0.00e00,
    0.00e00,
    0.00e00,
    0.00e00,
    0.00e00,
    -1.00e00,
    0.00e00,
    0.00e00,
    0.00e00,
    0.00e00,
    0.00e00,
    0.00e00,
    0.00e00,
    0.00e00,
    0.00e00,
)
(
    112.1102941,
    1.00e00,
    0.00e00,
    0.00e00,
    0.00e00,
    0.00e00,
    0.00e00,
    -1.00e00,
    0.00e00,
    0.00e00,
    0.00e00,
    0.00e00,
    0.00e00,
    0.00e00,
    0.00e00,
    0.00e00,
    0.00e00,
)
(
    112.6911765,
    1.00e00,
    0.00e00,
    0.00e00,
    0.00e00,
    0.00e00,
    0.00e00,
    -1.00e00,
    0.00e00,
    0.00e00,
    0.00e00,
    0.00e00,
    0.00e00,
    0.00e00,
    0.00e00,
    0.00e00,
    0.00e00,
)
(
    113.2720588,
    1.00e00,
    0.00e00,
    0.00e00,
    0.00e00,
    0.00e00,
    0.00e00,
    -1.00e00,
    0.00e00,
    0.00e00,
    0.00e00,
    0.00e00,
    0.00e00,
    0.00e00,
    0.00e00,
    0.00e00,
    0.00e00,
)
(
    113.8529412,
    1.00e00,
    0.00e00,
    0.00e00,
    0.00e00,
    0.00e00,
    0.00e00,
    -1.00e00,
    0.00e00,
    0.00e01,
    0.00e01,
    0.00e01,
    0.00e01,
    0.00e01,
    0.00e01,
    0.00e01,
    0.00e01,
)
(
    114.4338235,
    1.00e00,
    0.00e00,
    0.00e00,
    0.00e00,
    0.00e00,
    0.00e00,
    -1.00e00,
    0.00e00,
    0.00e02,
    0.00e02,
    0.00e02,
    0.00e02,
    0.00e02,
    0.00e02,
    0.00e02,
    0.00e02,
)
(
    115.0147059,
    1.00e00,
    0.00e00,
    0.00e00,
    0.00e00,
    0.00e00,
    0.00e00,
    -1.00e00,
    0.00e00,
    0.00e03,
    0.00e03,
    0.00e03,
    0.00e03,
    0.00e03,
    0.00e03,
    0.00e03,
    0.00e03,
)
(
    115.5955882,
    1.00e00,
    0.00e00,
    0.00e00,
    0.00e00,
    0.00e00,
    0.00e00,
    -1.00e00,
    0.00e00,
    0.00e04,
    0.00e04,
    0.00e04,
    0.00e04,
    0.00e04,
    0.00e04,
    0.00e04,
    0.00e04,
)
(
    116.1764706,
    1.00e00,
    0.00e00,
    0.00e00,
    0.00e00,
    0.00e00,
    0.00e00,
    -1.00e00,
    0.00e00,
    0.00e05,
    0.00e05,
    0.00e05,
    0.00e05,
    0.00e05,
    0.00e05,
    0.00e05,
    0.00e05,
)
(
    116.7573529,
    1.00e00,
    0.00e00,
    0.00e00,
    0.00e00,
    0.00e00,
    0.00e00,
    -1.00e00,
    0.00e00,
    0.00e06,
    0.00e06,
    0.00e06,
    0.00e06,
    0.00e06,
    0.00e06,
    0.00e06,
    0.00e06,
)
(
    117.3382353,
    1.00e00,
    0.00e00,
    0.00e00,
    0.00e00,
    0.00e00,
    0.00e00,
    -1.00e00,
    0.00e00,
    0.00e07,
    0.00e07,
    0.00e07,
    0.00e07,
    0.00e07,
    0.00e07,
    0.00e07,
    0.00e07,
)
(
    117.9191176,
    1.00e00,
    0.00e00,
    0.00e00,
    0.00e00,
    0.00e00,
    0.00e00,
    -1.00e00,
    0.00e00,
    0.00e08,
    0.00e08,
    0.00e08,
    0.00e08,
    0.00e08,
    0.00e08,
    0.00e08,
    0.00e08,
)
(
    118.5,
    1.00e00,
    0.00e00,
    0.00e00,
    0.00e00,
    0.00e00,
    0.00e00,
    -1.00e00,
    0.00e00,
    0.00e09,
    0.00e09,
    0.00e09,
    0.00e09,
    0.00e09,
    0.00e09,
    0.00e09,
    0.00e09,
)
(
    119.0808824,
    1.00e00,
    0.00e00,
    0.00e00,
    0.00e00,
    0.00e00,
    0.00e00,
    -1.00e00,
    0.00e00,
    0.00e10,
    0.00e10,
    0.00e10,
    0.00e10,
    0.00e10,
    0.00e10,
    0.00e10,
    0.00e10,
)
(
    119.6617647,
    1.00e00,
    0.00e00,
    0.00e00,
    0.00e00,
    0.00e00,
    0.00e00,
    -1.00e00,
    0.00e00,
    0.00e11,
    0.00e11,
    0.00e11,
    0.00e11,
    0.00e11,
    0.00e11,
    0.00e11,
    0.00e11,
)
(
    120.2426471,
    1.00e00,
    0.00e00,
    0.00e00,
    0.00e00,
    0.00e00,
    0.00e00,
    -1.00e00,
    0.00e00,
    0.00e12,
    0.00e12,
    0.00e12,
    0.00e12,
    0.00e12,
    0.00e12,
    0.00e12,
    0.00e12,
)
(
    120.8235294,
    1.00e00,
    0.00e00,
    0.00e00,
    0.00e00,
    0.00e00,
    0.00e00,
    -1.00e00,
    0.00e00,
    0.00e13,
    0.00e13,
    0.00e13,
    0.00e13,
    0.00e13,
    0.00e13,
    0.00e13,
    0.00e13,
)
(
    121.4044118,
    1.00e00,
    0.00e00,
    0.00e00,
    0.00e00,
    0.00e00,
    0.00e00,
    -1.00e00,
    0.00e00,
    0.00e14,
    0.00e14,
    0.00e14,
    0.00e14,
    0.00e14,
    0.00e14,
    0.00e14,
    0.00e14,
)
(
    121.9852941,
    1.00e00,
    0.00e00,
    0.00e00,
    0.00e00,
    0.00e00,
    0.00e00,
    -1.00e00,
    0.00e00,
    0.00e15,
    0.00e15,
    0.00e15,
    0.00e15,
    0.00e15,
    0.00e15,
    0.00e15,
    0.00e15,
)
(
    122.5661765,
    1.00e00,
    0.00e00,
    0.00e00,
    0.00e00,
    0.00e00,
    0.00e00,
    -1.00e00,
    0.00e00,
    0.00e16,
    0.00e16,
    0.00e16,
    0.00e16,
    0.00e16,
    0.00e16,
    0.00e16,
    0.00e16,
)
(
    123.1470588,
    1.00e00,
    0.00e00,
    0.00e00,
    0.00e00,
    0.00e00,
    0.00e00,
    -1.00e00,
    0.00e00,
    0.00e17,
    0.00e17,
    0.00e17,
    0.00e17,
    0.00e17,
    0.00e17,
    0.00e17,
    0.00e17,
)
(
    123.7279412,
    1.00e00,
    0.00e00,
    0.00e00,
    0.00e00,
    0.00e00,
    0.00e00,
    -1.00e00,
    0.00e00,
    0.00e18,
    0.00e18,
    0.00e18,
    0.00e18,
    0.00e18,
    0.00e18,
    0.00e18,
    0.00e18,
)
(
    124.3088235,
    1.00e00,
    0.00e00,
    0.00e00,
    0.00e00,
    0.00e00,
    0.00e00,
    -1.00e00,
    0.00e00,
    0.00e19,
    0.00e19,
    0.00e19,
    0.00e19,
    0.00e19,
    0.00e19,
    0.00e19,
    0.00e19,
)
(
    124.8897059,
    1.00e00,
    0.00e00,
    0.00e00,
    0.00e00,
    0.00e00,
    0.00e00,
    -1.00e00,
    0.00e00,
    0.00e20,
    0.00e20,
    0.00e20,
    0.00e20,
    0.00e20,
    0.00e20,
    0.00e20,
    0.00e20,
)
(
    125.4705882,
    1.00e00,
    0.00e00,
    0.00e00,
    0.00e00,
    0.00e00,
    0.00e00,
    -1.00e00,
    0.00e00,
    0.00e21,
    0.00e21,
    0.00e21,
    0.00e21,
    0.00e21,
    0.00e21,
    0.00e21,
    0.00e21,
)
(
    126.0514706,
    1.00e00,
    0.00e00,
    0.00e00,
    0.00e00,
    0.00e00,
    0.00e00,
    -1.00e00,
    0.00e00,
    0.00e22,
    0.00e22,
    0.00e22,
    0.00e22,
    0.00e22,
    0.00e22,
    0.00e22,
    0.00e22,
)
(
    126.6323529,
    1.00e00,
    0.00e00,
    0.00e00,
    0.00e00,
    0.00e00,
    0.00e00,
    -1.00e00,
    0.00e00,
    0.00e23,
    0.00e23,
    0.00e23,
    0.00e23,
    0.00e23,
    0.00e23,
    0.00e23,
    0.00e23,
)
(
    127.2132353,
    1.00e00,
    0.00e00,
    0.00e00,
    0.00e00,
    0.00e00,
    0.00e00,
    -1.00e00,
    0.00e00,
    0.00e24,
    0.00e24,
    0.00e24,
    0.00e24,
    0.00e24,
    0.00e24,
    0.00e24,
    0.00e24,
)
(
    127.7941176,
    1.00e00,
    0.00e00,
    0.00e00,
    0.00e00,
    0.00e00,
    0.00e00,
    -1.00e00,
    0.00e00,
    0.00e25,
    0.00e25,
    0.00e25,
    0.00e25,
    0.00e25,
    0.00e25,
    0.00e25,
    0.00e25,
)
(
    128.375,
    1.00e00,
    0.00e00,
    0.00e00,
    0.00e00,
    0.00e00,
    0.00e00,
    -1.00e00,
    0.00e00,
    0.00e26,
    0.00e26,
    0.00e26,
    0.00e26,
    0.00e26,
    0.00e26,
    0.00e26,
    0.00e26,
)
(
    128.9558824,
    1.00e00,
    0.00e00,
    0.00e00,
    0.00e00,
    0.00e00,
    0.00e00,
    -1.00e00,
    0.00e00,
    0.00e27,
    0.00e27,
    0.00e27,
    0.00e27,
    0.00e27,
    0.00e27,
    0.00e27,
    0.00e27,
)
(
    129.5367647,
    1.00e00,
    0.00e00,
    0.00e00,
    0.00e00,
    0.00e00,
    0.00e00,
    -1.00e00,
    0.00e00,
    0.00e28,
    0.00e28,
    0.00e28,
    0.00e28,
    0.00e28,
    0.00e28,
    0.00e28,
    0.00e28,
)
(
    130.1176471,
    1.00e00,
    0.00e00,
    0.00e00,
    0.00e00,
    0.00e00,
    0.00e00,
    -1.00e00,
    0.00e00,
    0.00e29,
    0.00e29,
    0.00e29,
    0.00e29,
    0.00e29,
    0.00e29,
    0.00e29,
    0.00e29,
)
(
    130.6985294,
    1.00e00,
    0.00e00,
    0.00e00,
    0.00e00,
    0.00e00,
    0.00e00,
    -1.00e00,
    0.00e00,
    0.00e30,
    0.00e30,
    0.00e30,
    0.00e30,
    0.00e30,
    0.00e30,
    0.00e30,
    0.00e30,
)
(
    131.2794118,
    1.00e00,
    0.00e00,
    0.00e00,
    0.00e00,
    0.00e00,
    0.00e00,
    -1.00e00,
    0.00e00,
    0.00e31,
    0.00e31,
    0.00e31,
    0.00e31,
    0.00e31,
    0.00e31,
    0.00e31,
    0.00e31,
)
(
    131.8602941,
    1.00e00,
    0.00e00,
    0.00e00,
    0.00e00,
    0.00e00,
    0.00e00,
    -1.00e00,
    0.00e00,
    0.00e32,
    0.00e32,
    0.00e32,
    0.00e32,
    0.00e32,
    0.00e32,
    0.00e32,
    0.00e32,
)
(
    132.4411765,
    1.00e00,
    0.00e00,
    0.00e00,
    0.00e00,
    0.00e00,
    0.00e00,
    -1.00e00,
    0.00e00,
    0.00e33,
    0.00e33,
    0.00e33,
    0.00e33,
    0.00e33,
    0.00e33,
    0.00e33,
    0.00e33,
)
(
    133.0220588,
    1.00e00,
    0.00e00,
    0.00e00,
    0.00e00,
    0.00e00,
    0.00e00,
    -1.00e00,
    0.00e00,
    0.00e34,
    0.00e34,
    0.00e34,
    0.00e34,
    0.00e34,
    0.00e34,
    0.00e34,
    0.00e34,
)
(
    133.6029412,
    1.00e00,
    0.00e00,
    0.00e00,
    0.00e00,
    0.00e00,
    0.00e00,
    -1.00e00,
    0.00e00,
    0.00e35,
    0.00e35,
    0.00e35,
    0.00e35,
    0.00e35,
    0.00e35,
    0.00e35,
    0.00e35,
)
(
    134.1838235,
    1.00e00,
    0.00e00,
    0.00e00,
    0.00e00,
    0.00e00,
    0.00e00,
    -1.00e00,
    0.00e00,
    0.00e36,
    0.00e36,
    0.00e36,
    0.00e36,
    0.00e36,
    0.00e36,
    0.00e36,
    0.00e36,
)
(
    134.7647059,
    1.00e00,
    0.00e00,
    0.00e00,
    0.00e00,
    0.00e00,
    0.00e00,
    -1.00e00,
    0.00e00,
    0.00e37,
    0.00e37,
    0.00e37,
    0.00e37,
    0.00e37,
    0.00e37,
    0.00e37,
    0.00e37,
)
(
    135.3455882,
    1.00e00,
    0.00e00,
    0.00e00,
    0.00e00,
    0.00e00,
    0.00e00,
    -1.00e00,
    0.00e00,
    0.00e38,
    0.00e38,
    0.00e38,
    0.00e38,
    0.00e38,
    0.00e38,
    0.00e38,
    0.00e38,
)
(
    135.9264706,
    1.00e00,
    0.00e00,
    0.00e00,
    0.00e00,
    0.00e00,
    0.00e00,
    -1.00e00,
    0.00e00,
    0.00e39,
    0.00e39,
    0.00e39,
    0.00e39,
    0.00e39,
    0.00e39,
    0.00e39,
    0.00e39,
)
(
    136.5073529,
    1.00e00,
    0.00e00,
    0.00e00,
    0.00e00,
    0.00e00,
    0.00e00,
    -1.00e00,
    0.00e00,
    0.00e40,
    0.00e40,
    0.00e40,
    0.00e40,
    0.00e40,
    0.00e40,
    0.00e40,
    0.00e40,
)
(
    137.0882353,
    1.00e00,
    0.00e00,
    0.00e00,
    0.00e00,
    0.00e00,
    0.00e00,
    -1.00e00,
    0.00e00,
    0.00e41,
    0.00e41,
    0.00e41,
    0.00e41,
    0.00e41,
    0.00e41,
    0.00e41,
    0.00e41,
)
(
    137.6691176,
    1.00e00,
    0.00e00,
    0.00e00,
    0.00e00,
    0.00e00,
    0.00e00,
    -1.00e00,
    0.00e00,
    0.00e42,
    0.00e42,
    0.00e42,
    0.00e42,
    0.00e42,
    0.00e42,
    0.00e42,
    0.00e42,
)
(
    138.25,
    1.00e00,
    0.00e00,
    0.00e00,
    0.00e00,
    0.00e00,
    0.00e00,
    -1.00e00,
    0.00e00,
    0.00e43,
    0.00e43,
    0.00e43,
    0.00e43,
    0.00e43,
    0.00e43,
    0.00e43,
    0.00e43,
)
(
    138.8308824,
    1.00e00,
    0.00e00,
    0.00e00,
    0.00e00,
    0.00e00,
    0.00e00,
    -1.00e00,
    0.00e00,
    0.00e44,
    0.00e44,
    0.00e44,
    0.00e44,
    0.00e44,
    0.00e44,
    0.00e44,
    0.00e44,
)
(
    139.4117647,
    1.00e00,
    0.00e00,
    0.00e00,
    0.00e00,
    0.00e00,
    0.00e00,
    -1.00e00,
    0.00e00,
    0.00e45,
    0.00e45,
    0.00e45,
    0.00e45,
    0.00e45,
    0.00e45,
    0.00e45,
    0.00e45,
)
(
    139.9926471,
    1.00e00,
    0.00e00,
    0.00e00,
    0.00e00,
    0.00e00,
    0.00e00,
    -1.00e00,
    0.00e00,
    0.00e46,
    0.00e46,
    0.00e46,
    0.00e46,
    0.00e46,
    0.00e46,
    0.00e46,
    0.00e46,
)
(
    140.5735294,
    1.00e00,
    0.00e00,
    0.00e00,
    0.00e00,
    0.00e00,
    0.00e00,
    -1.00e00,
    0.00e00,
    0.00e47,
    0.00e47,
    0.00e47,
    0.00e47,
    0.00e47,
    0.00e47,
    0.00e47,
    0.00e47,
)
(
    141.1544118,
    1.00e00,
    0.00e00,
    0.00e00,
    0.00e00,
    0.00e00,
    0.00e00,
    -1.00e00,
    0.00e00,
    0.00e48,
    0.00e48,
    0.00e48,
    0.00e48,
    0.00e48,
    0.00e48,
    0.00e48,
    0.00e48,
)
(
    141.7352941,
    1.00e00,
    0.00e00,
    0.00e00,
    0.00e00,
    0.00e00,
    0.00e00,
    -1.00e00,
    0.00e00,
    0.00e49,
    0.00e49,
    0.00e49,
    0.00e49,
    0.00e49,
    0.00e49,
    0.00e49,
    0.00e49,
)
(
    142.3161765,
    1.00e00,
    0.00e00,
    0.00e00,
    0.00e00,
    0.00e00,
    0.00e00,
    -1.00e00,
    0.00e00,
    0.00e50,
    0.00e50,
    0.00e50,
    0.00e50,
    0.00e50,
    0.00e50,
    0.00e50,
    0.00e50,
)
(
    142.8970588,
    1.00e00,
    0.00e00,
    0.00e00,
    0.00e00,
    0.00e00,
    0.00e00,
    -1.00e00,
    0.00e00,
    0.00e51,
    0.00e51,
    0.00e51,
    0.00e51,
    0.00e51,
    0.00e51,
    0.00e51,
    0.00e51,
)
(
    143.4779412,
    1.00e00,
    0.00e00,
    0.00e00,
    0.00e00,
    0.00e00,
    0.00e00,
    -1.00e00,
    0.00e00,
    0.00e52,
    0.00e52,
    0.00e52,
    0.00e52,
    0.00e52,
    0.00e52,
    0.00e52,
    0.00e52,
)
(
    144.0588235,
    1.00e00,
    0.00e00,
    0.00e00,
    0.00e00,
    0.00e00,
    0.00e00,
    -1.00e00,
    0.00e00,
    0.00e53,
    0.00e53,
    0.00e53,
    0.00e53,
    0.00e53,
    0.00e53,
    0.00e53,
    0.00e53,
)
(
    144.6397059,
    1.00e00,
    0.00e00,
    0.00e00,
    0.00e00,
    0.00e00,
    0.00e00,
    -1.00e00,
    0.00e00,
    0.00e54,
    0.00e54,
    0.00e54,
    0.00e54,
    0.00e54,
    0.00e54,
    0.00e54,
    0.00e54,
)
(
    145.2205882,
    1.00e00,
    0.00e00,
    0.00e00,
    0.00e00,
    0.00e00,
    0.00e00,
    -1.00e00,
    0.00e00,
    0.00e55,
    0.00e55,
    0.00e55,
    0.00e55,
    0.00e55,
    0.00e55,
    0.00e55,
    0.00e55,
)
(
    145.8014706,
    1.00e00,
    0.00e00,
    0.00e00,
    0.00e00,
    0.00e00,
    0.00e00,
    -1.00e00,
    0.00e00,
    0.00e56,
    0.00e56,
    0.00e56,
    0.00e56,
    0.00e56,
    0.00e56,
    0.00e56,
    0.00e56,
)
(
    146.3823529,
    1.00e00,
    0.00e00,
    0.00e00,
    0.00e00,
    0.00e00,
    0.00e00,
    -1.00e00,
    0.00e00,
    0.00e57,
    0.00e57,
    0.00e57,
    0.00e57,
    0.00e57,
    0.00e57,
    0.00e57,
    0.00e57,
)
(
    146.9632353,
    1.00e00,
    0.00e00,
    0.00e00,
    0.00e00,
    0.00e00,
    0.00e00,
    -1.00e00,
    0.00e00,
    0.00e58,
    0.00e58,
    0.00e58,
    0.00e58,
    0.00e58,
    0.00e58,
    0.00e58,
    0.00e58,
)
(
    147.5441176,
    1.00e00,
    0.00e00,
    0.00e00,
    0.00e00,
    0.00e00,
    0.00e00,
    -1.00e00,
    0.00e00,
    0.00e59,
    0.00e59,
    0.00e59,
    0.00e59,
    0.00e59,
    0.00e59,
    0.00e59,
    0.00e59,
)
(
    148.125,
    1.00e00,
    0.00e00,
    0.00e00,
    0.00e00,
    0.00e00,
    0.00e00,
    -1.00e00,
    0.00e00,
    0.00e60,
    0.00e60,
    0.00e60,
    0.00e60,
    0.00e60,
    0.00e60,
    0.00e60,
    0.00e60,
)
(
    148.7058824,
    1.00e00,
    0.00e00,
    0.00e00,
    0.00e00,
    0.00e00,
    0.00e00,
    -1.00e00,
    0.00e00,
    0.00e61,
    0.00e61,
    0.00e61,
    0.00e61,
    0.00e61,
    0.00e61,
    0.00e61,
    0.00e61,
)
(
    149.2867647,
    1.00e00,
    0.00e00,
    0.00e00,
    0.00e00,
    0.00e00,
    0.00e00,
    -1.00e00,
    0.00e00,
    0.00e62,
    0.00e62,
    0.00e62,
    0.00e62,
    0.00e62,
    0.00e62,
    0.00e62,
    0.00e62,
)
(
    149.8676471,
    1.00e00,
    0.00e00,
    0.00e00,
    0.00e00,
    0.00e00,
    0.00e00,
    -1.00e00,
    0.00e00,
    0.00e63,
    0.00e63,
    0.00e63,
    0.00e63,
    0.00e63,
    0.00e63,
    0.00e63,
    0.00e63,
)
(
    150.4485294,
    1.00e00,
    0.00e00,
    0.00e00,
    0.00e00,
    0.00e00,
    0.00e00,
    -1.00e00,
    0.00e00,
    0.00e64,
    0.00e64,
    0.00e64,
    0.00e64,
    0.00e64,
    0.00e64,
    0.00e64,
    0.00e64,
)
(
    151.0294118,
    1.00e00,
    0.00e00,
    0.00e00,
    0.00e00,
    0.00e00,
    0.00e00,
    -1.00e00,
    0.00e00,
    0.00e65,
    0.00e65,
    0.00e65,
    0.00e65,
    0.00e65,
    0.00e65,
    0.00e65,
    0.00e65,
)
(
    151.6102941,
    1.00e00,
    0.00e00,
    0.00e00,
    0.00e00,
    0.00e00,
    0.00e00,
    -1.00e00,
    0.00e00,
    0.00e66,
    0.00e66,
    0.00e66,
    0.00e66,
    0.00e66,
    0.00e66,
    0.00e66,
    0.00e66,
)
(
    152.1911765,
    1.00e00,
    0.00e00,
    0.00e00,
    0.00e00,
    0.00e00,
    0.00e00,
    -1.00e00,
    0.00e00,
    0.00e67,
    0.00e67,
    0.00e67,
    0.00e67,
    0.00e67,
    0.00e67,
    0.00e67,
    0.00e67,
)
(
    152.7720588,
    1.00e00,
    0.00e00,
    0.00e00,
    0.00e00,
    0.00e00,
    0.00e00,
    -1.00e00,
    0.00e00,
    0.00e68,
    0.00e68,
    0.00e68,
    0.00e68,
    0.00e68,
    0.00e68,
    0.00e68,
    0.00e68,
)
(
    153.3529412,
    1.00e00,
    0.00e00,
    0.00e00,
    0.00e00,
    0.00e00,
    0.00e00,
    -1.00e00,
    0.00e00,
    0.00e69,
    0.00e69,
    0.00e69,
    0.00e69,
    0.00e69,
    0.00e69,
    0.00e69,
    0.00e69,
)
(
    153.9338235,
    1.00e00,
    0.00e00,
    0.00e00,
    0.00e00,
    0.00e00,
    0.00e00,
    -1.00e00,
    0.00e00,
    0.00e70,
    0.00e70,
    0.00e70,
    0.00e70,
    0.00e70,
    0.00e70,
    0.00e70,
    0.00e70,
)
(
    154.5147059,
    1.00e00,
    0.00e00,
    0.00e00,
    0.00e00,
    0.00e00,
    0.00e00,
    -1.00e00,
    0.00e00,
    0.00e71,
    0.00e71,
    0.00e71,
    0.00e71,
    0.00e71,
    0.00e71,
    0.00e71,
    0.00e71,
)
(
    155.0955882,
    1.00e00,
    0.00e00,
    0.00e00,
    0.00e00,
    0.00e00,
    0.00e00,
    -1.00e00,
    0.00e00,
    0.00e72,
    0.00e72,
    0.00e72,
    0.00e72,
    0.00e72,
    0.00e72,
    0.00e72,
    0.00e72,
)
(
    155.6764706,
    1.00e00,
    0.00e00,
    0.00e00,
    0.00e00,
    0.00e00,
    0.00e00,
    -1.00e00,
    0.00e00,
    0.00e73,
    0.00e73,
    0.00e73,
    0.00e73,
    0.00e73,
    0.00e73,
    0.00e73,
    0.00e73,
)
(
    156.2573529,
    1.00e00,
    0.00e00,
    0.00e00,
    0.00e00,
    0.00e00,
    0.00e00,
    -1.00e00,
    0.00e00,
    0.00e74,
    0.00e74,
    0.00e74,
    0.00e74,
    0.00e74,
    0.00e74,
    0.00e74,
    0.00e74,
)
(
    156.8382353,
    1.00e00,
    0.00e00,
    0.00e00,
    0.00e00,
    0.00e00,
    0.00e00,
    -1.00e00,
    0.00e00,
    0.00e75,
    0.00e75,
    0.00e75,
    0.00e75,
    0.00e75,
    0.00e75,
    0.00e75,
    0.00e75,
)
(
    157.4191176,
    1.00e00,
    0.00e00,
    0.00e00,
    0.00e00,
    0.00e00,
    0.00e00,
    -1.00e00,
    0.00e00,
    0.00e76,
    0.00e76,
    0.00e76,
    0.00e76,
    0.00e76,
    0.00e76,
    0.00e76,
    0.00e76,
)
(
    158,
    1.00e00,
    0.00e00,
    0.00e00,
    0.00e00,
    0.00e00,
    0.00e00,
    -1.00e00,
    0.00e00,
    0.00e77,
    0.00e77,
    0.00e77,
    0.00e77,
    0.00e77,
    0.00e77,
    0.00e77,
    0.00e77,
)
(
    158.5808824,
    1.00e00,
    0.00e00,
    0.00e00,
    0.00e00,
    0.00e00,
    0.00e00,
    -1.00e00,
    0.00e00,
    0.00e78,
    0.00e78,
    0.00e78,
    0.00e78,
    0.00e78,
    0.00e78,
    0.00e78,
    0.00e78,
)
(
    159.1617647,
    1.00e00,
    0.00e00,
    0.00e00,
    0.00e00,
    0.00e00,
    0.00e00,
    -1.00e00,
    0.00e00,
    0.00e79,
    0.00e79,
    0.00e79,
    0.00e79,
    0.00e79,
    0.00e79,
    0.00e79,
    0.00e79,
)
(
    159.7426471,
    1.00e00,
    0.00e00,
    0.00e00,
    0.00e00,
    0.00e00,
    0.00e00,
    -1.00e00,
    0.00e00,
    0.00e80,
    0.00e80,
    0.00e80,
    0.00e80,
    0.00e80,
    0.00e80,
    0.00e80,
    0.00e80,
)
(
    160.3235294,
    1.00e00,
    0.00e00,
    0.00e00,
    0.00e00,
    0.00e00,
    0.00e00,
    -1.00e00,
    0.00e00,
    0.00e81,
    0.00e81,
    0.00e81,
    0.00e81,
    0.00e81,
    0.00e81,
    0.00e81,
    0.00e81,
)
